experiment: exp59_sensitivity
primary_metric: macro_f1

alpha: [1.0, 1.5, 2.0, 2.5, 3.0]
delta: [0.0, 0.00075, 0.0015, 0.00225, 0.003]
sigma0: [0.4, 0.6, 0.8, 1.0, 1.2]
eta: [0.4, 0.8, 1.2, 1.6, 2.0]
kappa: [0.0, 0.01, 0.02, 0.03, 0.04]
